0,279,248,345,251,148,74,278,296,305
279,0,61,107,30,131,246,15,24,51
248,61,0,100,41,107,202,49,61,59
345,107,100,0,117,207,293,95,84,57
251,30,41,117,0,103,216,27,46,63
148,131,107,207,103,0,124,130,148,161
74,246,202,293,216,124,0,241,258,262
278,15,49,95,27,130,241,0,18,39
296,24,61,84,46,148,258,18,0,28
305,51,59,57,63,161,262,39,28,0
